dst_host_srv_count:0.11493811464829928
logged_in:0.10524917958816815
protocol_type:0.047983413863965735
dst_host_same_src_port_rate:0.03577462883824016
dst_host_srv_diff_host_rate:0.02335698844100311
dst_host_diff_srv_rate:0.017971307588017283
dst_host_same_srv_rate:0.016635514750432838
flag:0.015579539332419961
rerror_rate:0.015337892822192497
serror_rate:0.015012167356108988
dst_host_rerror_rate:0.014589038679927824
src_bytes:0.01455176475741541
dst_bytes:0.0145254444561977
service:0.014207034716199936
dst_host_srv_serror_rate:0.014175937151842552
hot:0.0138652369882528
srv_serror_rate:0.011379788020713388
srv_diff_host_rate:0.01117339563367863
dst_host_count:0.010999962878949355
dst_host_serror_rate:0.010852523661996355
