dst_host_srv_count:0.12493791516316886
logged_in:0.1118875638157003
protocol_type:0.04674335086058889
dst_host_same_src_port_rate:0.031962016703744184
dst_host_srv_diff_host_rate:0.025119885505985935
flag:0.024640470888083167
dst_host_same_srv_rate:0.019888547853709238
dst_host_diff_srv_rate:0.018595414204876697
service:0.016650671425417256
src_bytes:0.015231666131714467
hot:0.014864132711916885
dst_host_rerror_rate:0.014046006061401857
rerror_rate:0.012877197612934151
serror_rate:0.01269531690325302
dst_bytes:0.012204075910279406
srv_diff_host_rate:0.01145711637391678
dst_host_count:0.011404285526643573
dst_host_srv_serror_rate:0.011120226520477092
dst_host_srv_rerror_rate:0.010346261691410098
is_guest_login:0.009969246071307208
