duration:0.006747209265732076
logged_in:0.10375105042882417
hot:0.013476503017688242
dst_bytes:0.014354801634397153
protocol_type:0.04342677031622612
is_guest_login:0.008948323573687213
count:0.006917177008407434
src_bytes:0.014012427050116275
serror_rate:0.012787752533592498
srv_serror_rate:0.010988112785905021
rerror_rate:0.012984805543591955
flag:0.018322084857555238
same_srv_rate:0.00840616363730476
diff_srv_rate:0.006950226619388066
srv_diff_host_rate:0.011122185895343825
dst_host_count:0.01316712362883443
dst_host_srv_count:0.11916562841599751
dst_host_same_srv_rate:0.02060917293127813
dst_host_diff_srv_rate:0.01676846830706356
dst_host_same_src_port_rate:0.03119268406482258
dst_host_srv_diff_host_rate:0.023940683851867896
service:0.015137289844117031
dst_host_srv_serror_rate:0.010597585114800969
dst_host_rerror_rate:0.013930625345400197
dst_host_srv_rerror_rate:0.006894167011185096
